1000 10
694
743
816
150
935
32
275
360
401
703
351
815
291
910
497
341
564
59
646
910
315
470
949
590
222
900
56
580
719
435
172
431
404
591
55
400
790
301
715
113
540
543
840
100
449
199
14
999
123
543
730
526
358
919
457
545
920
488
115
24
174
434
922
685
519
449
740
897
759
805
564
921
127
513
72
674
643
740
623
211
220
815
553
458
567
87
483
713
461
107
386
66
605
184
520
169
703
675
518
353
826
942
353
2
9
871
240
618
752
389
340
657
470
453
272
417
70
84
260
733
422
77
725
633
43
638
71
604
756
830
61
177
495
465
712
116
561
840
95
243
570
194
286
98
320
303
842
275
443
71
355
486
513
62
475
886
810
403
14
20
310
514
835
704
182
14
682
333
529
915
342
253
872
19
524
837
820
182
701
297
246
400
513
467
511
622
236
608
905
137
734
995
294
294
557
431
288
349
942
271
488
561
244
584
114
383
992
722
81
642
849
514
719
471
349
180
792
124
937
815
8
150
254
649
770
244
205
85
427
582
581
625
78
514
858
29
272
855
799
913
815
275
311
279
551
107
193
209
29
906
994
915
319
107
239
948
868
634
851
18
664
944
862
100
307
477
727
147
235
964
931
115
566
105
831
710
948
717
938
219
28
806
846
781
719
328
993
334
778
545
983
46
512
20
618
479
247
892
188
587
105
51
244
111
478
427
248
89
32
597
426
113
663
865
958
908
534
949
227
399
62
257
720
378
233
50
928
394
570
469
601
995
971
47
74
230
759
43
891
320
905
395
673
643
868
698
818
793
845
762
829
973
110
554
366
453
773
626
441
949
12
121
813
645
601
71
91
575
449
719
343
73
353
111
262
106
717
819
704
554
876
142
25
970
380
955
554
103
290
924
749
865
677
800
769
809
748
826
610
330
956
728
981
878
910
401
490
108
809
778
155
777
140
355
516
846
695
717
404
88
394
775
851
637
965
658
132
613
378
369
885
759
752
845
740
495
794
272
293
804
880
400
729
206
59
15
577
599
942
368
595
865
444
132
84
841
413
887
591
651
141
108
45
135
142
48
509
306
972
317
478
423
729
709
11
279
43
395
654
79
843
404
832
586
712
531
727
62
83
342
857
211
435
643
857
577
28
351
504
697
556
552
29
207
990
465
376
830
179
582
139
141
717
57
538
25
221
396
237
499
176
224
203
739
342
622
33
445
148
739
428
907
410
577
571
475
126
932
921
923
306
554
529
954
484
63
698
192
677
271
405
361
957
629
157
845
389
580
855
484
300
700
545
409
382
112
368
628
969
645
837
12
946
173
192
533
592
429
87
22
999
820
200
934
520
461
966
601
623
174
81
677
422
458
609
602
0
996
859
841
879
341
37
251
602
888
207
902
393
828
970
844
91
290
766
284
563
591
742
237
6
180
575
624
976
205
162
510
240
190
821
834
121
260
224
487
458
35
758
397
304
508
171
448
537
354
350
322
613
397
551
683
713
726
610
166
796
940
772
925
62
6
509
175
253
914
127
193
681
302
207
667
35
149
233
789
674
500
608
737
262
453
246
794
136
60
97
222
545
560
32
496
874
644
516
673
668
247
498
840
657
32
783
903
435
470
797
744
748
336
374
760
701
144
246
819
883
85
126
560
719
305
789
566
836
656
610
751
126
10
112
756
450
619
129
145
416
625
686
891
992
893
349
703
492
54
685
236
10
522
886
420
414
847
452
943
253
481
198
841
916
157
769
37
642
877
59
674
259
340
589
501
855
253
648
423
490
503
27
688
325
212
283
659
21
594
149
60
179
145
328
992
228
142
527
868
962
207
725
385
2
240
145
702
231
150
21
318
383
82
689
972
780
416
789
444
838
225
335
348
120
558
994
723
552
158
232
432
890
433
760
414
359
293
323
159
2
441
628
639
227
353
415
586
848
449
356
184
689
157
955
863
562
521
521
938
206
900
756
306
586
658
132
514
568
595
579
623
494
566
38
871
142
378
972
721
447
278
502
670
996
774
976
590
443
649
184
782
880
34
996
992
963
180
216
212
239
353
160
310
485
852
691
352
81
958
385
729
410
222
230
166
16
500
927
976
609
984
124
14
325
30
103
460
379
877
797
580
43
904
802
133
965
749
434
961
362
396
933
891
90
490
874
320
373
959
55
397
966
612
896
634
357
257
254
70
108
982
834
771
252
929
571
395
144
591
291
890
602
966
225
414
285
874
947
789
988
278
937
854
793
582
690
259
927
891
953
876
708
383
624
712
738
769
784
632
445
763
392
108
104 102 97 96 100 105 91 103 101 101 
