100 100
0 14
7556 7602
5328 5350
470 538
6793 6887
3835 3887
8310 8314
534 587
6712 6713
3834 3841
4175 4244
5890 5984
8462 8515
919 985
4160 4231
9104 9181
2624 2629
7361 7394
6327 6403
9911 9948
2470 2569
7227 7303
6515 6523
6317 6406
2727 2771
7665 7713
2377 2405
3593 3610
4865 4955
9093 9100
9047 9098
5163 5195
9867 9917
2661 2671
9478 9486
5007 5046
2771 2863
5298 5345
9410 9416
7615 7693
8279 8292
158 227
8683 8746
7363 7436
9995 10084
2332 2363
3510 3562
5911 5996
4121 4206
2693 2735
5373 5420
2872 2890
1537 1595
8024 8028
5345 5395
9554 9629
5546 5636
6249 6334
1597 1619
7147 7161
909 937
29 71
268 339
9379 9403
1809 1841
8870 8936
1503 1572
3858 3897
4997 5012
5872 5957
5901 5997
5562 5577
9834 9875
1418 1475
2521 2570
4640 4737
1260 1280
3192 3255
1267 1333
6216 6297
2478 2526
3893 3914
283 374
4265 4280
9475 9517
1312 1401
921 938
710 747
2530 2544
7832 7878
3495 3541
8090 8184
6517 6539
6796 6887
2501 2588
4713 4764
6004 6086
7559 7606
9514 9578
4393 4476
6890 6961
9872 9968
8513 8542
5374 5426
1034 1076
5767 5855
4400 4473
8693 8765
8008 8079
7417 7419
8861 8914
4633 4640
7134 7183
6677 6746
1995 2087
8659 8749
5440 5454
4503 4602
2155 2200
3157 3209
8815 8859
4675 4756
3651 3673
9992 10008
6305 6367
5 6
7734 7807
3192 3234
6825 6894
2052 2136
7089 7172
945 954
7640 7703
2138 2160
810 849
9522 9617
3898 3925
6922 6951
7769 7848
4225 4254
1939 1941
1918 2017
2440 2522
1364 1404
6010 6028
8284 8300
9880 9906
2336 2347
2194 2258
6960 7040
6963 7039
6695 6759
564 624
2270 2302
6999 7011
7626 7679
5539 5598
3297 3368
1430 1447
4853 4940
8133 8189
7390 7422
1353 1406
3107 3166
5181 5225
2588 2626
3930 3975
4759 4798
2793 2801
3697 3723
6718 6786
5139 5212
7208 7303
4607 4702
3215 3262
5171 5238
4018 4079
9866 9882
6701 6736
5417 5470
8293 8295
2742 2807
5461 5553
2666 2764
2467 2552
6940 6986
8171 8174
1607 1678
7079 7123
5824 5900
9916 9986
2795 2871
1711 1712
4957 4965
1630 1721
7830 7905
4364 4365
5848 5900
668 723
3897 3919
#output
0 1 1 1 0 0 1 1 1 1 1 1 1 1 0 1 0 0 0 1 0 1 0 1 1 1 0 1 1 0 1 1 1 0 0 1 1 0 1 1 0 0 1 1 1 1 1 1 0 0 0 1 1 0 0 1 1 0 1 1 1 1 1 0 1 1 0 1 1 0 0 1 1 1 1 1 0 1 1 1 0 1 1 1 1 0 1 1 0 1 1 1 0 0 0 1 0 1 1 1 